80 59 110 21 47
10 134 116 137 73
70 12 63 53 61
141 118 124 58 143
111 102 58 72 123
107 38 43 56 33
123 62 73 94 108
58 59 64 32 103
39 53 76 121 131
123 61 118 146 19
43 118 34 91 56
107 136 4 59 63
34 38 98 13 114
99 40 143 131 125
129 103 84 65 28
42 128 98 80 30
18 104 7 95 107
103 70 0 148 121
149 30 78 111 26
106 65 48 70 119
102 141 90 10 36
72 59 8 148 125
95 30 76 108 81
69 147 73 104 37
95 8 55 121 78
102 137 67 28 94
92 78 61 31 109
113 68 48 142 36
4 125 69 71 140
134 20 91 74 133
105 24 51 130 136
133 88 74 0 117
97 48 20 46 124
12 10 7 134 79
139 104 68 34 147
91 19 52 143 105
104 91 69 125 120
94 127 30 59 54
115 79 131 12 76
4 113 28 132 33
43 110 130 113 108
88 87 9 32 27
56 71 137 14 44
22 42 57 146 145
105 71 41 46 121
130 116 12 19 60
71 19 15 46 129
122 119 12 9 40
33 0 17 129 80
25 3 58 10 23
