106 99 35 37 128 146 17 33 59 107
33 141 96 118 122 144 47 46 13 23
107 73 59 112 84 69 44 88 132 134
116 34 2 61 76 14 98 104 22 5
118 3 130 109 129 29 11 23 62 82
11 47 125 7 26 81 16 149 73 87
23 16 74 76 38 107 100 15 72 96
115 97 96 113 59 119 1 142 95 133
82 111 79 113 49 41 65 75 51 117
144 19 120 137 2 121 95 80 123 15
32 143 68 75 57 58 104 55 74 145
48 5 16 98 23 133 70 38 93 140
37 101 54 133 92 115 12 86 79 20
85 79 5 20 19 53 86 127 119 108
100 14 89 127 60 45 75 18 71 23
139 62 114 147 57 33 13 89 121 124
87 133 101 89 73 60 134 126 136 64
52 64 42 60 92 129 58 67 69 148
60 135 79 22 41 29 139 131 147 80
57 107 81 148 36 59 5 46 12 1
48 81 52 3 88 110 129 142 4 122
22 116 136 54 0 2 36 107 148 147
109 7 47 23 10 53 139 82 17 134
5 75 127 70 60 34 117 25 96 10
69 25 92 0 70 51 127 33 109 148
121 3 101 21 20 102 6 130 129 34
3 71 77 85 55 136 121 122 102 70
82 71 11 112 120 106 29 146 47 22
96 11 74 125 144 68 70 2 126 13
74 86 106 113 136 15 91 21 99 131
71 45 104 69 67 122 15 37 79 2
69 25 84 15 16 60 34 104 19 108
74 53 91 49 39 144 19 107 73 65
45 95 117 140 148 76 44 46 4 118
57 53 143 124 107 3 44 96 36 81
66 59 29 36 142 26 116 136 135 104
103 57 81 40 111 99 66 107 128 73
104 90 112 144 19 13 134 80 75 2
47 66 100 34 60 119 62 114 99 106
46 15 19 130 108 85 75 22 128 28
111 60 137 16 57 47 11 134 42 73
101 43 71 87 0 74 45 44 62 143
82 99 11 135 145 97 33 68 128 8
78 4 139 74 31 65 113 38 68 53
144 84 126 28 42 50 147 53 68 5
22 28 29 73 44 24 78 124 35 75
29 62 55 108 133 50 35 97 3 81
42 74 87 15 124 121 93 108 117 34
109 94 135 33 120 67 92 1 130 138
2 18 97 99 120 111 63 38 119 3
