1569 2179 1702 621 2105 1417 806 260 2296 109
324 435 1278 168 198 1288 917 1163 897 2186
1084 94 2272 1980 637 1379 1511 609 1099 907
1464 11 2085 1476 2121 278 885 1876 268 1935
1749 2307 2103 1125 2290 1092 1294 1333 1822 299
2118 1221 1688 269 1061 421 662 339 1646 585
900 126 2222 154 137 674 1092 181 1291 2094
1522 254 1532 1237 148 1084 641 341 2170 1870
1325 1102 1759 2254 656 1508 152 1504 2220 1143
461 1567 1586 1222 1456 414 2226 1300 178 1784
1078 55 2033 659 448 2185 660 2140 1180 802
642 618 604 872 372 110 922 714 854 1107
886 871 190 2304 1849 143 2065 2164 14 1475
2253 206 576 1251 1908 158 514 1383 1911 1243
634 1147 501 724 290 1291 245 2182 1068 1699
2240 539 1356 2267 618 682 1073 2051 1974 1514
361 1820 2092 1688 1664 453 1923 2047 1318 1759
1004 1838 445 1906 136 1955 36 1921 2073 1151
1649 1318 2000 1918 2302 1508 361 1089 1475 532
1320 1887 336 411 1261 1087 1692 793 18 765
1472 1808 807 1042 437 2131 1601 694 1687 2086
1360 1839 578 167 1660 1669 395 864 203 725
1770 1557 1763 1013 1510 559 154 1644 1017 1615
707 1228 1351 814 448 1611 101 1449 1974 638
633 873 655 1710 52 102 337 1649 2022 1083
188 975 2223 120 417 169 1310 1315 1764 692
512 955 1047 2231 781 2272 1056 825 902 316
1999 2101 2244 1748 1512 2162 2105 1671 987 331
1474 1650 1671 1088 1906 1715 802 1016 1664 1753
129 1638 891 2301 1078 1926 492 1228 1307 1181
378 1477 2063 1586 388 1440 1575 394 909 350
2014 1620 277 1381 221 305 417 861 1458 2259
2071 876 695 697 1505 1331 1166 1158 670 273
590 1579 354 2177 1174 1 789 632 1515 280
141 1687 1727 990 439 740 1360 2233 2236 692
1000 1105 195 1044 809 1014 1970 1057 40 2009
1806 477 465 1514 9 490 718 519 1269 622
1860 1070 832 1966 1842 628 1108 805 1228 376
385 728 1280 189 87 2069 1272 1709 115 1730
521 441 2133 192 1320 909 1953 972 274 982
2046 1542 1326 943 784 2264 1820 882 1992 1299
814 560 461 30 1076 1480 787 1459 2069 1389
1264 1313 155 189 440 1094 451 1961 2247 347
47 1270 679 206 463 2290 449 1947 1874 553
1139 1022 1840 763 2101 1984 1948 2280 1583 2
1381 1241 2172 332 17 898 980 1177 1683 262
11 1089 41 2075 1726 96 973 1311 1794 2223
357 1388 68 135 32 1398 45 1681 940 2152
815 1297 1836 2141 1467 1901 730 420 902 79
1266 774 2081 512 907 917 1856 2011 1466 1606
