1632 550 1464 1382 1474 1248 1337 937 2196 80 2134 1272 553 728 913 722 31 34 602 71 153 2058 1882 1875 1662 1027 1179 255 1716 1937 2186 11 929 1644 953 2128 1985 944 368 2161 968 83 1310 2195 880 659 1196 1419 836 596
550 375 980 98 2193 7 2031 864 552 2088 97 1263 2231 1726 1317 746 1266 1114 1435 2246 267 1687 1404 173 1813 1878 973 1107 902 1193 615 799 335 1686 1581 1540 1244 879 47 106 543 1268 1067 1326 1706 312 1075 2135 617 2249
182 1673 1573 1395 567 1010 354 1710 1454 1842 1384 458 206 869 917 560 208 1829 772 526 48 1913 871 1011 1353 757 2056 704 1542 2235 1436 438 2069 1540 1136 1242 1310 1190 969 637 1826 1208 179 1513 1252 1396 521 2201 530 1839
309 963 1676 1395 14 1185 1414 2145 1954 516 195 436 487 1643 688 1279 1181 300 1466 2308 246 228 449 1070 846 2 333 981 1865 1748 1164 1493 1411 13 2024 1137 1152 1983 2230 991 1571 949 1617 789 2254 1806 325 1635 652 2269
324 1036 1980 971 1232 434 542 147 2111 797 920 439 1119 1624 2023 1902 865 411 2280 859 1410 1185 2012 518 2193 1912 968 283 1761 907 1512 1770 229 938 406 2277 2180 1343 726 1758 1301 1104 574 1212 84 966 746 1012 969 77
1790 1986 2238 56 694 1166 2031 752 1802 252 2030 686 502 1589 344 477 1433 1683 1991 1184 2052 1341 1616 157 1050 2012 1749 2165 1843 2284 703 810 1395 31 762 1657 2032 582 1955 1320 278 2076 1544 766 1338 1647 2174 1928 1035 1012
1641 2182 2290 1243 1493 782 1870 619 896 468 1579 1343 1498 49 1282 1621 254 532 2214 450 594 2136 1738 914 337 166 483 1519 856 1045 2251 823 1113 2138 753 1701 103 918 2198 2103 243 780 91 1424 1722 1727 977 1029 1544 133
2012 619 2100 766 1888 680 301 1371 1090 1105 1283 2106 1675 1934 615 1845 696 1343 738 1727 288 1300 1289 2079 1609 1960 1155 1739 329 1484 150 343 2118 54 1904 1231 366 2246 311 2171 262 1807 1479 1796 190 1641 1847 721 2283 713
1718 1048 1401 262 543 370 163 1703 2080 818 673 5 1790 1383 149 425 903 1135 527 1061 1315 1327 1473 1582 1841 518 2022 2028 1754 949 835 2041 2256 138 1509 2109 1000 1944 1929 656 838 1259 1913 1004 42 1863 1893 973 2190 1359
1815 845 2014 1300 1473 681 890 2263 2010 1057 1608 316 1862 51 998 700 2097 2144 577 721 821 654 1852 1820 670 874 705 1046 1200 686 713 311 98 2089 1658 1119 1640 421 1212 2106 1641 435 1556 1716 1226 86 233 267 803 962
20 49 952 1266 787 1718 1335 65 1283 1631 1242 1253 1864 1645 2010 583 21 1281 2119 1362 766 1659 507 2219 450 187 1387 1511 1847 945 356 447 1270 412 676 1157 2309 2075 771 712 713 445 192 64 691 410 1392 1654 92 613
1563 1159 1131 700 1824 47 530 1611 1879 579 1552 1793 1912 792 677 2090 521 343 731 821 1307 2119 1128 1657 140 2093 1214 1776 198 153 144 2156 11 615 181 1336 854 1248 1734 1572 1984 2246 1816 440 1313 1292 659 337 1332 2032
1905 185 1090 1868 1784 1802 1927 654 2067 2255 1183 661 958 1665 387 477 659 1721 342 1357 2027 61 378 898 1770 1478 534 1709 11 629 163 611 1484 1086 876 1538 658 1541 2259 1409 1727 1777 1028 1133 2147 1819 1823 1445 702 68
2038 155 1614 1749 1164 2088 45 183 722 723 1215 1826 1444 1079 709 1746 161 826 182 914 655 1850 1286 1061 1751 975 1279 1677 615 1437 635 1109 1472 2042 1389 2216 730 32 1652 1689 571 2232 947 1734 865 601 872 1603 1635 1049
570 962 897 872 436 1013 1888 615 637 1130 659 888 1691 272 965 1919 463 1465 2296 1905 1387 367 1370 1315 1620 1475 1545 1604 836 713 745 358 422 2277 765 1780 1057 423 1290 1510 1312 1074 1560 621 2242 1385 1669 1614 515 1956
1368 1661 856 1306 1361 1609 1123 1118 1630 1420 1651 1204 1611 664 1595 1660 1704 1326 1313 577 1805 1944 2180 1780 1285 381 972 256 1856 384 1441 51 453 2019 262 1565 94 1267 1201 1307 1046 1784 230 2228 2133 284 1164 1963 2068 2122
1990 1671 1972 372 499 1355 440 2183 804 2119 1368 1678 1516 1328 1535 436 1996 279 574 328 100 1207 1676 2077 290 1673 928 12 915 1823 707 1089 2040 1777 1903 1747 552 1479 301 852 2214 299 993 2101 1618 225 545 1392 1471 1304
2235 390 425 1034 385 97 1518 211 1877 1732 2022 577 721 1471 1564 1524 382 639 1190 1251 2126 786 189 1744 1670 1997 90 463 967 2108 2168 375 2017 881 1033 940 828 1415 352 1842 119 1733 1673 1435 83 1088 1638 202 10 37
2046 1802 649 369 2067 127 395 1900 7 1464 1275 1276 1909 651 882 2202 2260 2150 1983 489 72 386 1647 390 11 1132 2053 298 783 2214 1431 2305 1454 1552 1103 1574 450 681 1208 1817 1756 159 382 2124 1076 785 1386 2139 2086 1639
1187 330 8 734 580 1462 2081 683 1082 1271 2135 439 831 1668 809 1344 505 65 1230 2306 2168 1731 1604 1648 1278 1143 2222 459 276 2049 1127 357 17 1829 1491 415 2254 725 852 1487 311 2175 1159 1786 564 708 2002 523 1229 1959
1772 308 2027 1598 1796 2175 2210 1516 1683 377 465 1122 671 1517 787 1444 661 2176 1576 865 1938 1988 1050 84 1992 755 341 1986 1356 98 481 561 2039 680 657 926 1482 1099 1904 1994 701 2267 769 667 1910 331 1670 19 1301 547
47 518 762 1439 725 646 1101 2109 1419 1108 908 1890 566 1511 2279 349 1190 1933 740 2189 2132 234 803 68 697 256 628 608 289 1921 125 321 2171 12 603 1786 1861 882 87 1556 587 2169 1599 1357 2258 1572 2308 1975 1769 575
2233 97 1444 41 294 876 471 1918 1506 1441 461 386 1853 245 1221 140 1813 164 255 1072 487 171 1676 782 1753 1894 738 1768 1026 1321 1639 1997 667 1351 941 2270 2028 303 533 877 1422 1019 1476 656 1644 1497 2274 923 127 1697
1594 1351 1803 1898 1513 1807 958 2011 2167 1033 1497 426 460 748 2256 493 1698 698 1376 213 839 983 207 544 142 2064 1282 1881 329 554 2304 773 1651 115 1404 848 1526 924 968 1226 1979 1762 354 1427 871 424 624 1219 855 1381
1484 903 2108 1978 219 1953 1795 771 238 456 889 397 1489 319 1359 893 2061 664 491 225 1754 2031 714 38 187 1800 1730 1806 1010 1892 355 948 756 1991 1578 971 704 995 970 1281 1449 1407 286 2307 744 1321 663 1686 2081 2064
851 744 1075 65 250 2152 1274 608 1065 1553 1405 636 2171 1082 177 2221 1339 1747 1739 460 1476 2309 573 802 758 1675 1478 336 2170 118 195 35 1972 255 1817 600 477 1390 1335 659 726 1333 1744 1648 904 916 2261 1252 1790 582
1617 1030 2301 797 1039 992 2073 2017 1937 1471 1871 559 1426 1346 18 1725 2251 1339 378 1281 51 1009 922 623 2011 62 810 21 676 632 2110 1112 2308 2061 1989 1188 1135 154 1791 374 2221 323 1478 471 1743 624 715 35 1420 2146
215 600 378 1740 1546 2144 1108 165 88 182 2007 143 1589 1228 333 1653 1310 1344 1055 760 924 1307 1176 2261 895 640 2181 1999 439 1117 2307 461 1333 569 2226 777 1375 1179 1404 467 20 539 431 1472 1842 1433 516 1977 1657 2301
2192 1412 2253 1960 72 160 2010 2176 677 1948 1812 253 203 2067 1570 1512 2038 1716 1447 1581 2175 1621 1703 7 504 745 1133 503 445 456 1941 1261 1087 67 1299 676 759 305 1123 2018 779 1842 580 219 255 1958 1004 826 641 49
2221 712 174 847 2275 372 1616 1744 1229 955 34 1344 2191 789 2272 1310 373 1269 378 2009 1704 1125 441 1586 356 2081 270 1287 1621 1188 2258 254 1763 1030 765 1577 1829 139 2054 930 238 469 1005 1656 1914 1963 2260 2113 656 1815
415 740 158 1192 508 2031 137 998 1160 1700 1518 2131 1886 1647 669 260 1505 914 473 1802 1155 2136 345 1063 252 195 1797 847 764 377 213 59 1898 1336 729 1768 1092 2144 1403 707 1369 818 395 1154 389 555 1080 840 1304 332
1618 301 2188 19 2135 72 1223 1469 1839 595 5 570 987 596 753 479 1165 69 1919 146 1437 973 1778 644 2293 2031 1390 373 1863 2129 1212 1542 366 648 627 1470 1942 514 54 1136 588 327 285 909 519 1105 2041 1441 1125 2142
999 1983 1113 1042 440 65 435 1970 416 42 1977 2005 1919 1591 937 1112 612 543 1841 169 1764 711 2115 1666 738 1061 1925 1551 631 517 1604 2243 222 1793 1824 560 1387 1942 929 1960 2092 2267 48 208 854 1072 499 2034 498 833
554 1181 1665 1132 1804 783 1719 796 1016 703 289 2020 2179 907 2097 181 607 505 1136 524 1897 1060 1536 15 1498 2019 2246 894 1210 1235 1893 1778 852 1157 1059 616 1460 128 406 604 2156 1889 1841 1417 353 470 792 673 782 87
247 1920 1867 2088 1744 861 519 1532 824 77 815 1321 136 273 1679 257 530 684 1540 1073 2173 894 2124 129 560 1455 403 203 1592 1552 1687 187 374 344 1718 822 284 1236 1127 2084 687 1103 477 396 1793 390 288 24 641 906
1690 133 1544 446 1813 1530 7 1362 685 2285 1274 309 2018 1358 1973 1163 632 718 361 483 656 2249 1477 442 1123 1846 2278 1437 1906 885 1331 1484 610 568 449 1497 2177 1381 848 2051 1651 2264 1456 447 1490 408 817 1147 303 988
2229 177 1097 737 961 1744 977 64 100 1904 1515 1136 860 1974 1471 437 468 1593 1392 1051 1383 499 1481 652 962 670 2135 919 1269 87 2154 1345 956 738 1367 158 851 2272 456 835 1720 2207 1298 755 1661 90 1487 167 1469 1307
383 2005 1454 19 482 958 27 728 1344 1625 1824 318 2063 1079 1909 392 785 936 272 772 1358 1233 531 2061 243 2159 1118 1481 25 1781 1923 362 1983 352 435 1873 1364 1310 1277 1616 16 2278 1112 2060 1628 1952 628 283 245 515
1540 1139 1213 1964 320 1871 189 1709 1279 2200 1567 1847 1688 456 1297 1538 383 1207 907 1214 1788 1192 1381 1154 1894 851 1732 1843 1263 889 426 1201 354 1305 2019 1477 191 1521 2249 195 452 1748 1092 1991 1132 28 525 1090 1155 1879
291 1197 338 171 17 1252 2194 686 350 1678 1133 434 698 1577 1164 673 1106 348 643 211 51 200 253 361 1162 343 517 1970 1385 827 1699 379 485 1242 1410 487 1648 2230 370 388 562 503 1880 894 328 2103 964 47 2 1147
1219 502 2202 770 756 1821 2225 2162 1863 1203 793 1261 2106 668 2164 916 1119 1358 1792 1999 1090 233 676 1028 1718 774 1979 733 248 383 389 679 1575 537 1517 1625 470 957 1534 1742 949 366 2115 650 1996 729 744 1430 1467 574
1392 327 61 339 1651 428 1493 1618 188 1440 903 987 1149 584 1723 2137 415 1229 676 1814 1098 1974 1046 1424 743 295 1270 1041 1828 565 2033 254 507 424 1865 1803 2271 833 108 1195 75 520 13 1711 1231 142 133 1290 1146 2191
2079 1830 55 141 2223 559 1872 271 3 247 2008 363 1972 136 1584 965 2080 2304 1486 193 625 1506 1971 1910 2177 1572 1676 1510 235 2143 2202 200 650 1184 2300 1992 213 30 1004 1257 90 51 733 2129 567 2104 1428 342 1128 1625
1455 2250 252 473 1990 2304 861 1753 2003 1244 479 355 1862 1913 1703 1511 722 143 2024 1465 2285 2292 1728 1370 2205 203 689 500 1324 1489 794 2128 1315 2291 2156 312 216 138 400 28 1270 382 944 1847 1615 1408 1704 1877 1982 799
637 792 432 762 2187 40 1949 798 1295 190 1393 1459 1007 366 1711 425 321 2102 622 2234 525 1950 249 2134 1066 1129 1550 1656 339 576 391 2259 931 1028 666 1364 840 794 1419 1986 378 684 1953 1157 1937 1886 1291 1970 247 444
1421 1182 1112 1794 606 880 1765 1751 1518 1885 2217 951 1465 1635 1534 1049 691 1126 1193 709 2007 1709 155 1213 251 866 486 42 1322 1482 191 1655 235 1356 655 1149 1150 1888 1509 868 301 2109 936 1023 504 1185 188 2270 1347 836
1392 1435 821 145 984 1018 133 1405 809 637 152 672 2138 774 1911 531 2022 1800 2218 1350 2112 92 201 630 60 1680 635 1501 2266 1348 333 1584 1751 512 546 1494 1328 1420 1092 521 1805 1729 842 2097 1775 168 183 837 78 2242
1049 1855 86 1451 499 2287 827 1459 556 2066 34 1390 2301 148 95 1216 524 1059 2148 572 483 959 1790 1338 949 1031 2267 246 1967 1893 867 237 67 418 317 480 447 660 2115 716 1752 1230 124 782 2233 1295 1696 1563 2235 2163
378 1142 1402 170 1722 854 303 531 2211 1264 2281 1000 575 1981 596 66 729 905 1080 1262 199 1876 1115 251 1053 1223 231 933 2043 1472 86 772 1434 556 606 2179 1430 45 484 465 717 1914 919 856 652 823 795 952 1197 149
2100 625 1129 1840 570 1477 1944 2281 263 2075 1607 373 300 578 632 2192 2164 2096 1803 1033 1977 834 1245 752 1983 2131 2285 1962 1134 525 260 2141 1651 1996 491 1571 1313 1546 985 1442 1104 322 435 1721 468 1732 616 1587 1220 708
