4167 5300 3551 5047 1523 2017 4347 4803 692 1848 2805 2605 1225 3257 215 3718 5122 2663 1927 4810 538 2510 205 440 1172 1534 4622 645 3457 2396 5464 2113 638 4973 3115 2150 4267 1544 517 4409 5001 5172 3074 819 2433 2819 5337 4558 3787 1475 4105 4714 713 3476 195 2698 4499 3423 860 3550 1438 781 2621 923 1072 422 3868 2912 1521 1442 89 2158 203 5123 2722 2469 2580 2545 1126 519 2048 1695 2571 3740 5390 2004 1299 391 3628 407 4435 1529 449 1307 2656 2662 2849 2723 4212 4696
2368 2930 3360 2944 1901 45 1923 3771 2096 3957 4812 3413 3269 2814 4555 22 1128 923 2804 5032 5438 5245 450 5041 750 577 5014 4524 2112 3616 3637 1616 832 1642 3668 479 1817 3717 416 2811 2685 949 3356 4363 4861 3588 5374 3078 861 670 4096 277 1779 4442 4902 2579 4733 2827 3322 3029 4508 2604 5095 5082 189 5419 3332 1674 2226 1092 3224 4490 3222 4874 1330 596 3256 2223 2974 2276 699 1912 2426 1577 1368 2073 3197 1411 697 3431 2565 5043 2993 193 2385 4813 4599 1459 2821 5223
5033 1977 1590 1124 718 4908 936 5414 3324 3874 169 4121 4441 5181 2930 4353 5228 4091 1709 2965 5170 5098 732 3742 3134 1325 1681 4265 3993 3154 2856 2885 511 2783 1140 1745 1517 4041 4019 2968 4470 2991 4395 155 5275 2322 4836 160 3904 969 3178 16 4825 4076 5182 429 476 523 2455 3902 1822 5392 2173 1044 1632 4895 223 4977 1158 219 5298 726 981 556 5348 490 2400 350 2521 4347 1013 4657 2300 3387 2045 96 3581 1268 1567 4931 1557 3158 1334 890 5139 458 4505 2222 2090 614
3578 4801 3752 3732 4811 2825 4197 4643 5453 3775 842 1527 54 4162 5338 50 1918 2084 190 1859 1810 1889 423 2737 3404 2758 4731 2356 3658 2490 3777 5154 1091 4514 2274 1000 1606 3432 424 4742 3170 3328 3640 1910 4690 36 2658 3390 3570 3899 2878 3421 619 1458 1463 5132 3953 2544 2050 337 1368 1900 3980 2317 1863 889 1388 2383 1088 5066 4345 3539 4774 2709 4913 1282 2529 3210 1844 421 4185 3253 2569 2379 4469 4521 1483 3730 3481 4663 104 57 4262 3950 2653 2297 279 3033 4205 1268
4197 2361 2284 1421 669 793 506 3739 5468 2114 2365 999 3996 2105 1370 121 1113 1426 5009 4303 3815 878 4715 2841 279 3551 1013 3880 2556 353 1157 1638 1845 3197 479 3929 4107 3840 954 2220 4780 3823 1852 3859 4325 4743 5337 3224 1184 1233 3786 1285 2404 1489 3905 4048 377 3593 4195 65 4984 1146 3052 1439 2494 1469 3617 77 2207 4582 4253 259 3744 1499 1928 1873 2047 1651 2521 1283 5427 4564 4423 5214 3125 2992 105 4366 5419 3930 4483 18 4883 5235 2265 4017 4577 4382 3601 32
4866 3136 1059 823 1087 1547 2238 3877 395 1851 851 169 4631 3388 678 4417 142 4212 5033 3923 1116 1167 3622 1504 731 3755 671 1278 2255 5232 1725 2980 1042 2438 2330 1477 1993 2001 872 2176 3765 485 1407 5329 1591 3060 1243 3322 4711 830 1519 2770 1325 5433 1523 2038 2772 1263 3814 1267 1482 5012 2924 2242 2818 2073 942 4482 1905 2979 5174 4829 1157 643 3256 38 90 423 1890 425 2099 1878 3365 328 4752 1855 1942 4083 517 4496 726 3870 1746 5032 1560 1270 4028 4254 1223 2583
1916 4161 3437 4419 2200 4015 5385 4899 87 2376 4993 278 2508 747 1346 5 5155 1260 4587 922 1565 4872 1450 1073 1371 4119 4637 4849 1953 1682 4272 1445 3733 1855 89 4599 2031 4837 4008 98 3630 696 3869 2910 131 4147 4750 4118 5334 5249 5306 952 3441 5368 5090 2152 1101 33 3561 1413 2636 2878 4169 2372 5053 303 1958 4647 4813 5282 5415 3452 4184 3956 210 3526 5439 282 3496 2414 90 1634 4068 2676 4680 1787 810 658 1803 1330 1392 4321 4605 1973 4760 4863 5400 4886 3133 1206
3321 2415 949 2654 1356 2047 2365 4368 1644 1277 2959 507 3674 2643 3948 4812 5177 3434 2823 2127 484 344 166 2318 2176 4006 3730 4447 5067 4603 5123 760 388 3949 1597 2241 2013 813 689 1532 2579 1499 4070 3544 898 1321 629 1374 2235 4868 3872 4631 1645 2752 4737 5145 5386 5150 656 1982 1739 1787 219 4411 1940 2049 4376 3178 2616 3975 643 3880 1173 1535 4985 3331 3312 4543 713 2707 306 996 835 4040 3827 5055 1520 1829 545 4 3586 3765 1630 2200 1010 4548 619 4952 3854 2729
3489 2259 5468 4410 4799 4156 597 1631 2531 1529 812 5139 2182 2440 2387 4208 3737 3084 5178 288 5072 4775 5133 1758 3923 479 4689 1436 3963 4123 1059 248 3331 2495 3078 4066 2611 627 3066 2710 5101 3072 4174 1924 3523 3190 1911 406 1997 3581 4172 5296 1888 2342 4378 1446 356 1682 3929 3211 1084 1550 3553 3345 4482 38 4165 507 3995 3818 3791 2256 4718 3158 3984 5138 3659 4797 1148 2800 1880 4197 2208 5022 2732 1386 3144 5282 3515 1606 3606 5229 2251 1151 5024 258 4497 841 3864 4399
1138 5398 1890 263 4516 1004 1106 3381 3806 1238 600 4741 4676 2896 1228 772 4824 3641 239 2264 3110 5285 1753 989 552 4940 3658 2730 3884 3872 2410 5466 1167 3792 3586 294 2254 3301 2649 4470 4059 3035 1364 809 1008 8 2369 1786 4270 124 1880 3609 4192 2838 2013 3562 3659 3904 1345 4799 2916 2055 889 2003 1751 964 1999 3435 4706 3766 5180 5386 2354 2219 2670 1993 767 1509 1619 2227 2140 750 4627 4602 2759 2380 1122 55 4626 5039 86 3459 2106 1831 4593 2888 1077 5215 2527 2170
4307 867 4996 3470 3700 3106 4670 4527 1626 685 5416 1848 1692 3312 1261 2262 4717 348 2033 751 2688 2334 4074 5130 1827 5085 4619 4218 2417 3903 1677 3879 3805 5149 828 5384 1704 302 4792 2985 831 2689 813 4247 739 1366 3377 3104 4462 4903 4590 3149 2311 1747 3625 3343 1815 4027 185 535 3182 1901 4037 2986 401 640 4580 5292 531 314 2656 1084 891 2925 4455 241 1902 156 3014 830 1792 3375 199 3336 1956 4789 2330 1128 1806 2661 3748 1036 605 5177 179 3414 1611 5404 3367 853
4025 5059 284 815 3961 3261 2723 847 2220 758 83 3828 1344 710 4381 897 5379 3187 709 4908 901 576 2770 2064 2266 4232 4826 1810 4001 114 3090 4661 4838 1338 2167 2505 1079 644 4508 3747 4994 2297 2408 2139 2635 2329 4735 5074 430 1614 3445 3534 3965 3496 4094 4763 1470 2475 3968 3574 4884 998 110 639 4133 4112 4755 4023 155 208 2430 2745 4970 3565 1709 2775 5198 3562 239 3952 1170 4963 5243 2626 3519 3729 79 4095 454 1567 3216 1453 2435 2321 1737 5334 2153 4608 4433 3491
60 439 473 634 4764 5387 4930 1567 5298 3474 3731 4746 136 1990 1010 1975 1866 3572 3313 1486 163 2345 1888 4020 3911 3707 562 4870 1622 4193 2291 112 1213 2585 2942 3915 3866 930 2734 1879 962 5372 2681 4328 3889 2820 1403 4882 2761 89 3499 3314 808 1775 868 817 5098 4101 2189 1571 4173 544 2683 5223 5164 4929 1292 2425 2859 2038 543 1321 2151 3981 4546 4654 3803 3557 4544 3282 4 3654 5068 4626 3414 4761 4573 2924 2839 4954 5124 2568 1589 4545 2903 2441 3364 2715 1909 1891
3419 1208 1979 2622 3327 1933 4285 1961 3084 2641 1352 5454 4872 5259 5140 217 4625 2194 4884 4649 301 4681 636 3940 3095 2257 3915 2468 4360 3734 2388 2705 4002 3461 2685 223 4230 562 2973 557 907 2908 2558 2195 3592 4684 846 2184 3642 2829 87 1919 3921 258 1445 2590 3962 4954 4703 3433 4438 4222 3676 4371 2313 5292 3532 362 1818 1153 3220 1476 1596 2214 2166 5369 5252 2974 534 256 4796 3386 4731 2030 347 2745 1259 402 313 3735 2793 4517 5223 4467 4983 2221 1102 499 1362 1386
4640 1403 3317 1311 4944 1418 344 1272 2923 2992 3929 4103 3679 4123 956 1504 5015 5227 3769 3354 1061 1507 764 3824 617 3865 5362 1957 2328 2344 3103 1921 2831 225 3631 1821 2643 1078 3890 5278 2602 552 4418 3450 853 1018 3618 2341 3840 3136 3780 2876 1660 3329 2501 3573 3168 191 3547 4764 4949 397 4247 1654 189 380 4000 525 4926 5355 2690 910 1566 789 539 133 4475 4665 5401 1916 1803 1089 972 2436 35 1797 592 1500 566 398 3216 2183 4709 4457 5405 1402 2598 3004 4016 1368
2953 402 2905 47 5142 1530 1251 2487 3352 2320 4037 4275 569 2005 319 985 2126 3985 3687 1805 4687 4131 2469 2920 5367 775 1501 2900 2170 1855 3022 3708 883 3477 4733 4819 4602 4450 4458 3378 5179 1048 2381 3509 4307 1635 796 3900 5116 4362 3528 4199 2619 4150 4277 355 1998 1234 3388 3398 4187 82 5376 2732 10 2817 2612 1718 4462 3916 2203 2171 3564 991 3001 100 3134 4984 1200 1372 3257 1277 2726 4195 25 2113 560 5380 3161 5041 5353 1206 19 4543 4171 5319 3823 1204 1506 396
796 3757 2419 4799 5393 424 2712 1061 620 4273 6 896 4009 2159 3262 3482 5145 3597 4601 2548 3192 4133 1193 1238 5295 3909 3131 3231 1931 5377 761 337 2991 491 1917 1729 3532 1572 3238 3659 2489 1185 640 116 952 1898 1569 4954 1218 1678 2140 4729 4435 5343 770 3780 5240 1719 115 5395 2761 3782 4636 2296 838 5153 2733 1010 4335 4791 827 468 693 1041 873 3032 874 4530 4466 1613 1076 3806 421 3997 764 2689 2717 4916 3655 5076 3613 79 726 5101 754 2332 3124 68 829 560
5401 3304 1900 1609 356 1854 3561 3861 2089 1558 2206 3731 3776 5070 686 4325 4590 5018 5243 1440 1655 3183 5447 3869 3373 4 3684 3248 4511 3965 2937 5006 1468 4953 2068 1912 3566 152 298 3319 5310 4504 901 959 5059 4127 4141 5306 3642 2888 1014 2359 2369 5156 2383 1469 4513 4657 343 3291 1958 970 4457 3435 339 5184 1644 2531 3969 1504 4111 3145 2706 1479 1116 211 3382 3552 517 2085 4327 1686 3811 1252 697 2141 707 216 728 4663 1699 473 952 537 1554 2836 868 344 2912 4521
484 488 5196 545 2713 3923 4622 4085 1119 1778 4508 5139 50 3562 4572 75 301 4684 5303 992 2926 4171 1888 1136 2219 4072 1438 911 4956 4026 4175 437 1808 4678 4209 2704 147 4848 1091 4841 444 4379 4159 3088 4914 2749 2990 4172 1384 4229 148 2816 1185 4997 2455 3947 664 4125 332 2568 1488 3032 680 3736 4038 4589 1893 3662 1997 3608 3171 3760 4894 1273 4554 3896 1924 2489 2350 3663 1499 266 2109 784 559 5415 4220 5250 1765 5268 569 3689 3591 2734 4110 1676 4403 2567 1123 1393
978 3533 201 4857 302 115 4722 4320 3211 2754 4410 4896 394 4564 3653 4017 152 1267 3834 5199 1795 2926 4698 1672 295 3143 2419 1450 1685 2246 1678 2947 2917 209 769 2753 4416 2899 1541 170 1896 4729 2575 2662 3 3307 5234 2789 4357 3987 2759 2826 1390 3029 3189 395 4369 1438 1880 3232 3698 4588 3181 1228 4597 816 2681 1690 2035 3075 1032 3389 3244 1094 5184 2306 3213 1358 102 3510 2205 82 552 1901 2422 2963 1338 3452 2487 2285 1742 1333 2929 2220 3665 5135 3649 3882 1912 5242
1015 1895 2157 3678 2422 3448 2252 3455 2988 719 1809 1290 137 174 479 609 2242 2376 2575 3208 3926 1978 4819 695 3767 907 4767 1605 4445 4972 3615 665 4554 3083 1934 1469 1270 3729 4132 14 4334 110 216 1835 248 1046 4178 2363 4560 3194 2410 2879 4794 1424 255 888 3410 918 4163 1122 1944 512 1914 804 1819 1338 2107 2548 1781 2920 1639 2193 723 5343 5021 5414 1775 789 4433 3442 5316 3232 3735 5336 815 2070 4388 657 3806 1452 4442 100 637 5245 733 412 5014 5317 4461 25
36 1669 3689 816 3802 4971 3360 3873 4771 4054 4786 3933 1069 3890 1858 4449 4416 451 5202 4327 2813 4597 3107 3781 1533 5177 4455 652 5072 4931 1079 2969 608 3580 409 769 2083 926 4691 343 1874 3542 4497 3085 4298 4705 623 5109 4707 2988 1114 3851 5402 817 2122 5387 4169 741 3876 3042 2698 5303 3602 1346 2593 6 1385 3574 5160 2653 4444 2903 3165 4618 5046 3617 2364 2252 5184 114 2686 4193 3444 3728 2343 163 1061 2183 4429 247 1730 1883 2890 5101 2466 4535 2257 4734 253 3606
5398 3213 4396 3816 1741 3561 4596 3304 4944 3199 3875 167 2014 1484 974 2377 1453 3593 4828 3926 2700 5042 1954 4358 3586 2639 251 2670 5113 4078 2688 3045 4168 861 1772 3322 86 1525 2056 2040 3426 2912 2230 1845 4517 2909 5258 335 3343 1042 2826 991 3217 5281 4178 3494 852 1213 317 4318 3967 453 4444 1069 1394 4301 257 3748 4116 4819 2967 2541 4167 1877 1644 4236 5063 4971 1651 825 1562 3777 2218 2676 3047 1536 3512 330 38 4046 1681 4344 872 1288 2301 4661 670 205 4527 4734
1910 3084 3094 4031 708 299 4297 3245 1948 4205 3758 3782 4278 958 5331 4085 2825 5287 1562 3570 4767 2779 4418 5313 1733 2750 4864 1451 3721 2045 3967 2604 1534 1994 4554 2943 1209 3362 2547 2691 3000 2091 4385 671 1580 3287 4887 2829 1842 51 960 2567 652 4048 1348 5214 617 16 5279 1261 36 1520 3959 1431 4947 3372 1434 5160 759 3353 3263 5053 2974 1844 3649 4620 5471 4358 2744 2004 5430 22 4344 2781 2765 5288 2672 1435 4094 2062 3819 5215 377 2745 2985 889 3038 1150 611 4840
4148 2764 1562 3201 5185 3357 2587 4007 1643 0 1363 4904 3233 965 3330 2270 3610 5043 328 346 1413 3885 1489 4570 2954 4299 1594 5017 4018 5103 1988 1122 2848 1104 430 2252 1565 4084 5255 281 107 76 2428 2400 71 1882 5396 5186 5282 1906 2708 3049 4888 245 4251 651 1179 1232 1143 1726 3225 4710 1544 3462 4050 777 772 2415 5362 4885 365 2590 3012 785 3714 4102 2742 1661 253 1617 2064 4867 1487 4052 952 1515 5458 5306 607 1908 1224 363 2426 2935 4400 4403 5340 1081 1732 3439
3559 3752 2124 3522 2551 623 1297 2743 2578 1659 3033 3120 36 3672 3344 2944 4566 4258 2139 2664 2101 565 5137 4693 4410 4931 3075 1818 5291 3891 826 4828 717 1083 1468 781 3063 660 298 1823 2880 22 127 4620 1003 1237 2037 4472 4142 1687 679 3939 2248 4898 3542 1394 2116 1907 4843 3962 3257 2360 4751 81 2213 5077 3669 2668 4332 4263 4350 4456 2641 2841 3278 618 2355 2915 715 2117 270 499 47 3639 4099 3070 1960 4541 381 3820 4376 2531 5402 3024 1953 4484 3573 4373 1677 708
1588 817 4235 2562 1670 2187 747 1614 2263 6 763 5324 5372 4323 3238 1185 677 2104 4010 175 5208 1204 5349 5143 2252 3839 1282 5359 1486 1168 2847 2425 2204 3962 59 3878 935 3409 960 1542 165 2736 1798 1394 194 2698 501 1326 2622 370 740 1527 1451 3487 4515 2787 2020 5338 4211 936 4400 5321 2142 4182 3601 2414 1176 5023 2364 3452 5277 4792 1963 1593 1816 4678 4749 4051 2105 2988 5076 4218 3392 5087 2702 393 2230 2447 2751 4735 5185 5196 37 3528 1922 4114 4300 2434 3570 1450
2243 4523 3460 728 2517 1773 1692 2725 520 4600 4238 333 5098 1417 1407 608 2663 5280 3691 1752 2287 4646 4506 5332 4048 2247 3279 891 4380 2826 3056 4552 635 4490 1800 976 4050 780 2136 1004 2558 4452 2841 5409 2624 2652 2190 4201 2780 1147 5003 4018 2921 1756 1964 146 4211 393 1483 1329 213 1792 344 416 2027 2618 308 133 4585 4079 1870 3435 2632 407 4465 56 2061 4329 5018 2767 3360 1584 2438 4970 1850 4220 5165 304 3073 2258 237 2949 5110 79 1525 854 860 1955 3437 3975
741 2715 3041 615 4372 784 3015 19 2398 1460 144 1178 3452 1218 3820 621 2878 2925 384 303 3294 2511 2116 1102 3603 3589 2700 3798 861 5265 422 4086 3858 3837 3486 2032 4065 2881 4260 1794 793 5084 669 1165 375 5338 1475 297 2992 4719 2354 2659 401 870 5139 4169 68 1277 1199 3969 3817 3873 3167 96 1690 3326 1996 3016 1881 3436 4081 4178 3652 4313 4157 1525 594 2461 5065 4672 2534 5395 4869 1060 4680 2106 2911 1287 2942 3881 575 4033 4593 5450 2885 4742 2047 2010 3857 1369
1733 4373 4683 2715 4741 4009 3935 3317 3652 2712 3701 508 365 290 2819 2823 2725 5300 1111 165 2408 5194 66 1724 684 2652 633 101 611 4368 2765 331 2003 4135 1143 1674 3312 5229 4669 1606 4849 3621 4229 4663 702 3062 1104 1362 3710 865 216 3300 4303 5413 4751 2965 1804 1132 5237 482 4863 127 4335 3671 2879 1287 5213 1176 1187 3342 425 1416 1803 1315 1855 5216 1258 2466 2340 214 1186 4289 3007 3358 5310 1484 777 3321 4406 3589 494 373 3833 4758 5469 5073 2535 1519 1572 2874
1470 6 4530 2765 2711 5140 3735 1199 1886 4534 4561 2718 1154 3681 1733 4026 1053 1468 3931 1824 3733 5122 3340 806 2481 489 2626 1531 1624 466 842 4560 2419 3588 143 3750 5341 2828 693 1112 1842 2639 2584 5035 1357 3273 5127 470 3370 1518 895 78 2098 236 1115 185 3131 139 4865 239 13 5210 2541 1763 1379 467 594 1565 4644 2336 601 344 2403 1669 4584 2885 4102 4646 1168 465 4994 1649 4326 2818 2045 4415 1198 2296 4673 3347 3869 3246 2944 2096 2456 3864 4478 4283 4863 298
4219 4703 1557 4718 4958 1883 2328 3254 564 4487 432 3610 1065 3118 5259 15 102 1179 4191 4894 3330 5127 1094 3293 892 1473 1590 522 2818 2248 1139 2313 4404 204 3854 765 145 2191 2217 775 357 4649 705 2936 587 2954 2111 4038 4596 2008 1977 2656 2243 630 2101 5216 3072 2701 1484 3677 4737 2153 3098 2378 3317 5170 5360 4502 29 2994 580 3846 3034 3575 4110 262 260 2275 4849 4405 648 4859 3256 4541 4194 159 238 4192 4713 571 3999 4854 65 4249 1410 4046 3611 2925 3812 3685
557 2750 4268 5297 5113 3419 1369 4116 5006 746 1055 2427 3180 595 204 4325 3558 1485 4985 1858 3621 4595 5201 2147 2925 1934 2671 5182 2673 1961 3442 77 3940 3503 4629 212 4637 4844 2087 5310 1636 60 546 2116 5465 887 2142 2655 646 3651 912 5369 632 984 5 2407 3015 2247 4619 4470 697 2382 4384 4672 1705 4499 2331 459 519 4690 4749 5354 1011 5158 2262 900 1539 2246 4622 593 2897 4940 5109 1618 348 3059 4043 1156 2763 696 4911 629 2811 1788 2742 1143 469 2104 5286 4203
4409 1549 1599 566 4293 3083 1117 5063 1747 837 2999 4425 887 997 2776 2745 2488 4479 3940 262 3625 4317 514 1909 1977 1383 302 2997 2037 5155 1078 804 1358 5331 5192 4229 2589 890 975 3700 689 1571 2023 5294 5050 5072 4455 542 3293 1577 3812 5342 601 2467 273 4429 3919 4560 4781 3844 63 5113 5133 4053 2157 3113 2709 4326 2270 4328 3433 1211 1780 3956 829 3798 2444 1885 1604 1576 3767 3846 3424 5275 3601 1727 3896 4762 4251 2377 5056 1521 5269 3766 3918 1204 2500 5439 1096 2283
851 477 5319 720 3802 1323 3941 2741 5395 4085 3523 4596 895 4079 2708 2111 1440 727 3891 2706 965 1537 5134 4853 4030 3407 254 1749 2843 46 4965 337 329 3801 220 3856 1346 248 1719 3765 2605 4074 156 95 1623 3412 1768 2684 1643 4172 2202 634 4321 875 2290 5123 561 3386 3059 3951 698 5122 969 391 3986 1442 2629 2069 4629 3426 4070 4541 5054 2858 1208 1811 1119 2804 1032 1567 4813 4264 5306 481 2568 2868 2417 2957 2077 1544 5454 3662 423 4975 879 2345 4463 1634 1580 3684
2202 4282 810 5011 4617 29 5221 775 2137 2046 3920 1888 4775 73 2007 172 4647 5305 3506 1494 1671 4697 312 3160 3308 3791 43 1260 2381 40 2067 1843 1434 5387 3573 635 1076 4290 4802 5179 4430 4600 2831 2010 3401 64 2683 4131 7 4522 3261 5003 343 1683 2009 413 2166 4310 4191 4555 658 1294 3363 1373 1080 1970 1611 4419 2123 1037 3329 2489 4677 1252 620 1567 4793 5461 974 1456 2251 392 4370 2252 1460 1541 2784 5151 2945 1855 2424 3937 4716 3143 4423 2797 2367 4226 308 2925
1327 1056 3580 3015 1959 3023 5258 1041 4540 4777 1010 4020 88 2140 3971 5029 5353 596 5360 901 3262 1249 5238 3189 313 1426 3814 2257 3448 3995 4698 192 307 2633 2895 1744 3231 2782 2684 2042 599 1322 1339 2970 1118 916 4115 4291 3771 4425 1199 4983 2993 5372 1097 1752 3145 1376 5257 2252 4808 2469 3111 1387 2906 2146 3345 89 1361 2685 95 1627 4377 2111 5454 1421 4254 2415 1095 2789 1846 491 3335 2975 4483 4569 5266 3843 918 1141 3931 4657 5209 1652 4458 35 1423 556 2563 3087
4615 3596 2283 1519 40 3514 5 5343 1870 4542 1533 1857 2525 3367 1466 3874 99 4699 875 1752 25 2821 700 2749 4228 2659 2664 234 4179 1134 4644 2756 913 1511 4845 3102 4445 3256 3033 1130 2026 3403 1821 3472 290 4659 1090 1048 154 2031 616 3957 4467 2708 2663 3834 3721 1528 3272 5056 1856 974 2203 4060 809 1078 3342 3388 4787 1503 3107 1228 2412 5301 3993 4203 2960 973 1960 3278 3360 845 1005 300 498 1754 3631 2118 1621 2119 3171 4309 937 43 3113 2376 4757 3591 2159 2543
3148 5396 3342 4766 3313 944 824 942 544 3873 4869 4865 1956 123 2135 3819 985 2244 5147 1230 774 3600 1967 2249 1837 5013 1370 2084 2048 385 2852 4442 1361 1210 3639 3387 4871 3640 4011 42 4137 3914 2349 4063 4040 5378 1200 4032 2130 1806 140 3070 3951 864 1350 1504 4719 1620 4248 574 3374 135 3589 456 1011 3678 1041 3634 1331 533 116 479 2976 3903 67 2869 1147 1359 3167 4902 5289 4913 429 2265 2487 668 254 3218 4168 3847 5001 4381 2797 1698 5255 2016 3154 1121 322 4777
3007 1717 5430 5214 2115 1916 687 1341 667 1031 4560 3434 484 295 3816 2728 3709 5357 5172 947 4976 5021 4759 2032 4899 4989 15 2509 3127 4847 3116 4426 3507 1855 578 4360 961 2738 3872 3627 4307 1997 4271 340 4644 5210 5099 1169 3858 1914 3352 3390 950 4825 1507 2003 2963 5440 4223 4500 1421 5368 2719 3864 1562 2073 1180 2754 4002 1160 530 992 2611 3061 3416 113 1821 5241 1199 3585 4154 135 615 715 1791 4175 1248 377 1007 4947 4039 3542 4951 95 2785 952 4557 3470 3745 4394
3875 600 5003 1912 3805 285 6 2767 3205 2731 3224 61 67 27 3565 599 4663 1298 2243 2485 917 4199 3827 3872 1560 4080 4553 5173 1535 505 3168 450 2249 5264 3602 2926 4939 797 1048 1633 3014 473 2693 3108 2678 1195 4327 895 3780 1302 152 5165 2908 1070 3295 1807 5194 4228 5332 952 2712 4338 913 1108 5094 1897 4757 542 2830 2572 2576 3201 4270 4301 2799 2582 4520 900 4642 618 5306 3590 1414 1128 4902 4259 2913 1901 4776 3161 5239 2094 2435 1812 368 3972 349 2028 4037 245
238 5384 2231 918 1845 4459 2686 3902 3066 3762 4455 2582 3168 1665 596 3787 2016 3848 2245 2983 1480 639 2378 22 1511 4236 3439 927 4347 3165 615 1550 911 569 1432 4191 2863 4539 5244 1121 2390 279 1947 4019 3332 2375 1478 4376 1297 3371 4636 3357 2696 4087 4423 2434 1808 3397 4791 5291 1675 5222 2949 4182 3788 5237 429 4991 617 4426 2221 5345 4617 1636 1703 4307 708 4795 5380 3186 577 1078 628 1646 545 186 568 4321 2728 2769 5098 5035 1281 779 5112 234 797 3948 4565 3403
4722 1692 3069 3383 1783 2764 754 2553 4219 1047 1402 682 897 4898 4855 142 501 59 1847 3666 4945 499 1322 1916 679 1585 4943 4759 657 1238 2512 4888 4451 2399 1168 3005 2960 3613 3981 431 5131 5410 4989 879 3714 1152 4086 3253 1019 3221 5006 244 883 5444 5231 2908 4482 4774 712 1951 4927 575 3833 960 1178 4802 4381 5019 5406 5027 3448 584 2167 5466 565 48 3428 4405 854 2851 5010 5061 917 250 2213 34 1038 3353 2766 1392 450 870 4166 4282 1531 297 1256 968 4645 3070
3438 3964 3164 2128 2749 4021 4158 976 2827 2112 1427 4948 344 3492 3897 113 2395 2733 2818 2574 4047 457 593 1626 3230 636 2779 5333 255 224 3088 1541 3838 1886 4486 3375 1958 2901 2163 5005 1217 5339 4981 4464 135 2836 4500 1248 980 3920 673 364 398 3385 4945 2011 4741 1504 3070 1732 4255 2648 1715 3026 1265 983 3637 1607 4978 5411 3871 3471 77 1559 2978 2573 4209 1218 126 2663 3379 893 235 4159 5211 433 2086 692 4615 378 3383 575 4836 4156 4618 3020 1142 4258 4992 3465
430 4970 4518 2297 501 950 228 3843 1019 3083 1768 1744 3945 2709 4205 3243 4092 4461 4925 41 3856 2442 1483 337 3817 1584 2116 869 2823 5071 4032 2843 3810 1390 1707 308 3401 3840 3942 516 561 3131 824 5198 1910 3172 1264 1592 4112 2371 1373 806 3008 3096 2940 2807 3845 3244 4957 223 3210 4323 2852 2962 1014 1091 174 3691 703 1771 4787 1458 2523 2072 1405 1727 2512 4247 1522 1256 3598 3596 1970 2370 4169 4919 4007 3201 4417 2982 222 2935 4821 884 4870 1799 367 5074 2664 1509
4791 324 5436 2122 3478 1711 4489 2131 2052 1236 3546 2031 2495 4309 821 1919 3250 1514 1828 288 3176 4221 2605 4025 794 1942 3216 3880 2368 2008 1585 3153 2860 322 614 3732 3710 5053 1467 4070 4324 1188 1505 5142 4130 3898 1317 4144 5357 4534 229 1122 1200 4601 1716 4794 1847 1351 1535 47 4644 5192 4759 283 4370 2132 5444 1941 3736 2745 3098 923 851 2378 146 2468 435 5029 5100 876 4537 2018 3222 316 1681 2340 4648 4427 2681 1080 3159 3844 732 3903 3265 1558 2110 5335 3161 3502
5156 1198 4662 2410 2311 2650 3331 2669 4049 1821 1487 4912 71 4269 3705 3669 4706 1276 4863 4461 3525 2405 308 3364 2281 2580 1863 2572 1208 2667 1569 3644 2688 2141 3552 3074 845 1214 5211 4056 939 1199 5253 1379 3403 1239 4414 878 5027 5034 5284 389 3739 670 289 1775 4533 4295 5417 3718 1767 2859 4200 4640 274 2105 3817 1802 950 5193 524 1191 2783 3843 3791 2790 476 573 5056 4641 1829 2976 2628 1624 637 2552 5148 428 3248 2124 3153 2788 3324 2588 5058 4884 1090 2056 3289 3378
836 4498 589 4796 2471 423 493 2900 1558 484 2687 5448 5440 2031 1790 2935 4212 989 1896 2376 898 4503 4380 2757 564 1808 764 3456 813 2179 179 3088 4025 2711 3911 3468 5387 980 5041 2998 4644 1897 3642 5215 1161 3655 5216 613 4161 4369 3098 251 737 3678 1683 4103 953 2274 3801 5151 924 3113 2131 577 2904 88 44 2947 3763 1421 4992 3433 453 550 1358 808 3392 916 1225 1610 1553 3778 2005 3316 1099 1485 1539 2175 5149 2310 1930 2729 1168 3308 3972 4847 3247 2515 1190 5241
2976 3985 1726 497 2103 5158 4930 1378 2091 216 588 1081 3653 825 3837 873 1016 4141 2192 2478 1923 1770 3724 5427 2825 3812 2118 579 499 2100 3648 2796 2319 4703 3384 775 364 1669 571 2271 4135 3356 917 3991 3668 1405 2965 4188 4250 2951 2474 4420 2834 5351 162 4009 2056 2082 1319 457 585 5186 5030 3551 803 4859 554 3337 1125 1382 5286 1508 4679 78 3174 3775 1559 3176 4898 1458 1601 1976 5212 600 5472 4075 3687 1244 241 4895 1155 1681 4730 4594 1940 1371 5442 1962 4171 1082
3443 5068 3748 746 3648 2331 4780 4669 2416 3739 2235 2254 1032 3818 5161 4443 3936 3585 2109 200 425 1766 2015 1176 4557 1688 2204 5095 4195 2440 1771 3713 2679 4884 4119 1111 4845 2120 1184 5070 4783 5086 3375 684 1627 3139 4700 516 3032 2983 563 4888 4382 1318 2720 5128 716 2849 480 695 4179 4295 2421 3371 3447 583 4527 416 1625 350 3194 2070 3609 3059 1547 3712 1976 1138 3169 4742 1708 2603 1043 1167 2449 2072 4598 1539 4344 4398 4915 4904 1141 970 1140 1308 4569 3819 5429 4
