4128 1919 2207 253 3347 4083 5239 1690 4634 4615
4580 2077 3176 1309 1526 3215 110 5463 1780 1007
97 2401 286 3623 722 5374 187 5018 3737 3501
2221 5143 2779 2202 3381 1694 1420 1210 158 5264
4007 4060 4048 4350 204 2725 2950 1393 1419 3654
2113 3941 1838 1833 3290 4527 4119 5403 4343 1483
4372 2924 4888 2992 768 2141 1767 502 1367 5109
3743 658 2753 5242 5044 4354 2851 1586 1689 5354
3288 2072 2289 654 4277 4719 1262 3987 1479 5325
2988 4402 4935 4546 4 3214 2456 2322 3943 1907
1373 2052 4955 1670 300 1374 2926 2101 2991 2957
1754 376 2998 365 465 4871 1309 4866 4898 5471
1674 3139 5057 565 3989 4513 2473 2684 3587 1668
5047 1111 1919 4051 3386 1229 3947 571 3858 3997
548 4805 1228 264 372 2068 5320 4289 69 5126
2683 2387 5168 514 2782 5258 2537 2473 4642 4633
2447 2709 4 5392 590 5004 3712 4376 1713 3605
2491 1086 3003 3263 3488 3430 2895 3440 3287 3875
4729 1320 4609 251 3604 2795 4463 1703 4016 2059
4219 2651 5057 979 5137 1056 2668 2448 4888 615
158 4112 4282 1962 4206 3712 437 3695 4315 4553
2480 4180 5405 3853 4067 62 2250 2931 1557 1762
3211 4999 4000 1950 3488 1088 3650 2902 4927 3308
78 2438 2908 4948 3318 5051 20 4368 218 1589
502 3752 5047 1273 194 5019 4799 3842 3160 2804
1657 1722 2820 523 919 3568 3229 586 495 4825
1241 1801 3879 1537 5045 1902 4279 4644 5377 1822
4975 3998 881 3122 1904 3227 363 957 4965 3830
5180 2850 1127 4544 2431 3318 2468 3960 944 693
5324 1641 3923 1255 3277 1366 3983 5386 546 1356
4595 1703 325 2412 650 3159 105 2824 3267 2391
2266 4027 4362 1632 1310 3023 4140 4765 4944 670
1522 970 561 380 705 3580 1218 1139 5008 2117
1635 2262 1055 2686 4191 433 3021 2489 810 4643
3085 2071 4964 4123 4420 1526 3479 2238 1461 5216
4329 3144 1025 4721 834 3306 3435 3172 400 1093
4932 4587 222 4622 158 1607 1416 2475 2732 3551
4822 3444 1902 1858 4650 4834 597 3111 2727 2503
1011 3398 1616 31 3531 2644 4002 3011 4369 3884
3273 2280 2898 1669 5118 1210 4546 4487 3746 3242
2113 1651 1789 451 4313 1988 3546 2356 1410 40
5093 5472 1247 1817 3026 2825 4431 56 2234 4017
3810 2265 742 1585 451 2465 2889 2210 2736 4773
857 3793 634 1311 2684 3348 788 863 3485 4854
1430 306 5106 2564 2643 1281 3445 2361 1658 614
3698 822 4285 4182 5428 2105 1466 3262 1640 2445
2034 5233 3931 810 93 5253 1991 4601 511 730
368 5239 3030 5049 2484 2881 2914 836 2913 1095
949 773 5402 67 25 2862 2338 2774 1411 4230
3649 3269 1163 1260 1729 2943 4624 3734 4505 2996
